-0.0000000000000319	-0.0000000000001974	8.6212604281136471	-0.0000000000000025	-0.0000000000001078	-3.8462990893821289	-0.0000000000003273	-0.0000000000000444	0.0000000000000051	-0.0000000000000020	-0.0000000000000019	0.0000000000000009	-0.0000000000000305	-0.0000000000001658	3.1622776601683964	0.0000000000000107
0.0000000000000739	4.7349245698894808	-0.0000000000000050	0.0000000000000224	2.4842168156475446	0.0000000000000005	7.3508840497173384	-0.0000000000000422	-0.0000000000000006	1.0361027171555786	-0.0000000000000001	0.0000000000000000	0.0000000000001247	4.4721359549993718	-0.0000000000000034	-0.0000000000000022
-5.2911980329651147	-0.0000000000000152	0.0000000000000008	-2.7746776624054617	-0.0000000000000099	0.0000000000000009	-0.0000000000000101	8.2043566575581082	0.0000000000000003	0.0000000000000005	1.1541419178660757	-0.0000000000000003	-4.9999999999998836	0.0000000000000141	0.0000000000000027	0.0000000000000009
-0.0000000000000432	0.0000000000000131	-0.0000000000000008	-0.0000000000000064	0.0000000000000032	0.0000000000000002	-0.0000000000000040	-0.0000000000000520	0.9302480137017797	-0.0000000000000001	-0.0000000000000002	0.2583495001865342	-0.0000000000000745	0.0000000000000180	-0.0000000000000010	0.7071067811865479
0.0000000000000062	0.0000000000000133	8.6212604281136418	0.0000000000000041	0.0000000000000052	-3.8462990893821289	0.0000000000000119	-0.0000000000000126	0.0000000000000000	0.0000000000000006	-0.0000000000000013	-0.0000000000000003	0.0000000000000519	0.0000000000000048	3.1622776601683786	0.0000000000000010
-3.3480972717757971	3.3480972717758348	0.0000000000000016	0.0000000000000059	2.4842168156476339	-0.0000000000000006	7.3508840497175987	-0.0000000000000365	-0.0000000000000011	1.0361027171555801	-0.0000000000000007	-0.0000000000000000	-3.1622776601684688	3.1622776601686287	0.0000000000000055	0.0000000000000024
-3.7414420097101120	-3.7414420097103935	-0.0000000000000005	-2.7746776624053342	-0.0000000000000387	0.0000000000000005	0.0000000000000973	8.2043566575578915	0.0000000000000004	0.0000000000000007	1.1541419178660721	-0.0000000000000001	-3.5355339059316808	-3.5355339059324407	0.0000000000000026	0.0000000000000012
-0.0000000000000041	-0.0000000000000094	-0.0000000000000017	-0.0000000000000026	0.0000000000000003	0.0000000000000006	0.0000000000000044	-0.0000000000000027	0.9302480137017788	0.0000000000000003	0.0000000000000000	0.2583495001865341	0.0000000000000009	-0.0000000000000201	-0.0000000000000003	0.7071067811865471
-0.0000000000000910	0.0000000000002215	8.6212604281136329	0.0000000000000938	0.0000000000000293	-3.8462990893821321	0.0000000000000209	-0.0000000000002049	-0.0000000000000021	0.0000000000000041	0.0000000000000007	-0.0000000000000007	-0.0000000000001088	0.0000000000003616	3.1622776601683813	-0.0000000000000009
-4.7349245698891895	0.0000000000000956	0.0000000000000020	0.0000000000000348	2.4842168156474269	-0.0000000000000002	7.3508840497171164	-0.0000000000000623	-0.0000000000000004	1.0361027171555772	0.0000000000000004	-0.0000000000000001	-4.4721359549989295	0.0000000000001353	-0.0000000000000009	-0.0000000000000001
0.0000000000000838	-5.2911980329664328	0.0000000000000063	-2.7746776624059435	-0.0000000000000265	0.0000000000000012	-0.0000000000000391	8.2043566575589431	0.0000000000000017	-0.0000000000000006	1.1541419178660797	0.0000000000000002	0.0000000000001695	-5.0000000000018927	0.0000000000000054	-0.0000000000000100
0.0000000000000159	-0.0000000000000277	-0.0000000000000012	-0.0000000000000084	-0.0000000000000082	0.0000000000000008	-0.0000000000000428	0.0000000000000152	0.9302480137017805	-0.0000000000000006	-0.0000000000000001	0.2583495001865344	0.0000000000000294	-0.0000000000000406	-0.0000000000000023	0.7071067811865469
-0.0000000000000183	-0.0000000000000209	8.6212604281136418	0.0000000000000016	0.0000000000000159	-3.8462990893821360	0.0000000000000379	0.0000000000000005	-0.0000000000000080	0.0000000000000002	-0.0000000000000007	-0.0000000000000001	0.0000000000000292	-0.0000000000000276	3.1622776601683693	-0.0000000000000219
-3.3480972717758064	-3.3480972717757851	-0.0000000000000030	0.0000000000000102	2.4842168156476290	0.0000000000000011	7.3508840497174761	-0.0000000000000658	0.0000000000000012	1.0361027171555797	0.0000000000000000	0.0000000000000001	-3.1622776601684368	-3.1622776601684586	-0.0000000000000009	0.0000000000000021
3.7414420097107417	-3.7414420097108851	-0.0000000000000024	-2.7746776624055913	0.0000000000000308	0.0000000000000010	0.0000000000000361	8.2043566575583267	-0.0000000000000002	0.0000000000000001	1.1541419178660766	-0.0000000000000000	3.5355339059329158	-3.5355339059331405	-0.0000000000000003	-0.0000000000000002
-0.0000000000000153	-0.0000000000000314	-0.0000000000000010	-0.0000000000000049	0.0000000000000140	0.0000000000000002	0.0000000000000310	0.0000000000000123	0.9302480137017793	0.0000000000000000	0.0000000000000006	0.2583495001865341	-0.0000000000000183	-0.0000000000000394	0.0000000000000004	0.7071067811865475
0.0000000000000049	0.0000000000004218	8.6212604281136258	0.0000000000000047	-0.0000000000001785	-3.8462990893821347	-0.0000000000004078	-0.0000000000000137	-0.0000000000000001	0.0000000000000004	-0.0000000000000010	-0.0000000000000003	0.0000000000000704	0.0000000000005324	3.1622776601683782	-0.0000000000000004
0.0000000000000206	-4.7349245698896825	-0.0000000000000010	-0.0000000000000053	2.4842168156476356	0.0000000000000001	7.3508840497175241	-0.0000000000000093	0.0000000000000015	1.0361027171555799	0.0000000000000002	0.0000000000000001	0.0000000000000401	-4.4721359549996320	-0.0000000000000024	-0.0000000000000033
5.2911980329653101	0.0000000000001160	0.0000000000000005	-2.7746776624055292	-0.0000000000000565	0.0000000000000009	-0.0000000000000708	8.2043566575581668	0.0000000000000042	-0.0000000000000003	1.1541419178660757	0.0000000000000002	5.0000000000000657	0.0000000000000603	0.0000000000000010	-0.0000000000000056
-0.0000000000000066	0.0000000000000129	-0.0000000000000002	0.0000000000000011	-0.0000000000000068	0.0000000000000000	-0.0000000000000191	-0.0000000000000003	0.9302480137017801	-0.0000000000000000	0.0000000000000002	0.2583495001865342	-0.0000000000000156	0.0000000000000141	0.0000000000000003	0.7071067811865468
0.0000000000000455	-0.0000000000000338	8.6212604281136560	-0.0000000000000013	0.0000000000000210	-3.8462990893821338	0.0000000000000444	0.0000000000000020	0.0000000000000010	0.0000000000000016	-0.0000000000000024	-0.0000000000000005	0.0000000000001061	-0.0000000000000459	3.1622776601683826	0.0000000000000004
3.3480972717753201	-3.3480972717756718	-0.0000000000000027	0.0000000000000950	2.4842168156474691	0.0000000000000006	7.3508840497171981	-0.0000000000001918	0.0000000000000015	1.0361027171555783	-0.0000000000000009	0.0000000000000001	3.1622776601676978	-3.1622776601682019	-0.0000000000000028	0.0000000000000041
3.7414420097098495	3.7414420097108052	-0.0000000000000006	-2.7746776624053284	-0.0000000000001932	0.0000000000000005	-0.0000000000001902	8.2043566575577707	-0.0000000000000022	-0.0000000000000015	1.1541419178660730	0.0000000000000001	3.5355339059313797	3.5355339059331192	-0.0000000000000022	0.0000000000000007
0.0000000000000081	-0.0000000000000223	-0.0000000000000026	0.0000000000000014	0.0000000000000067	0.0000000000000011	0.0000000000000130	0.0000000000000021	0.9302480137017777	0.0000000000000002	0.0000000000000001	0.2583495001865339	0.0000000000000167	-0.0000000000000501	-0.0000000000000017	0.7071067811865455
-0.0000000000000646	0.0000000000001117	8.6212604281136347	-0.0000000000000196	-0.0000000000000201	-3.8462990893821325	-0.0000000000000154	-0.0000000000000027	-0.0000000000000010	0.0000000000000028	0.0000000000000007	-0.0000000000000000	-0.0000000000001231	0.0000000000003173	3.1622776601683746	0.0000000000000023
4.7349245698898450	0.0000000000002756	0.0000000000000207	-0.0000000000000914	2.4842168156476720	-0.0000000000000069	7.3508840497175685	0.0000000000000850	0.0000000000000030	1.0361027171555808	-0.0000000000000001	0.0000000000000000	4.4721359549999242	0.0000000000004567	0.0000000000000011	-0.0000000000000020
-0.0000000000000917	5.2911980329658288	-0.0000000000000012	-2.7746776624056833	-0.0000000000000309	0.0000000000000004	-0.0000000000000371	8.2043566575584794	0.0000000000000011	-0.0000000000000002	1.1541419178660766	-0.0000000000000001	-0.0000000000001613	5.0000000000008864	-0.0000000000000000	-0.0000000000000061
0.0000000000000301	-0.0000000000000336	0.0000000000000007	0.0000000000000056	0.0000000000000064	-0.0000000000000003	0.0000000000000066	0.0000000000000125	0.9302480137017819	-0.0000000000000001	0.0000000000000008	0.2583495001865343	0.0000000000000628	-0.0000000000000719	-0.0000000000000003	0.7071067811865497
0.0000000000000398	0.0000000000000023	8.6212604281136471	0.0000000000000068	0.0000000000000126	-3.8462990893821281	0.0000000000000304	-0.0000000000000123	0.0000000000000019	0.0000000000000014	-0.0000000000000027	0.0000000000000004	0.0000000000000995	-0.0000000000000091	3.1622776601683782	0.0000000000000018
3.3480972717756710	3.3480972717763051	-0.0000000000000027	-0.0000000000001442	2.4842168156476818	0.0000000000000011	7.3508840497174583	0.0000000000001627	-0.0000000000000030	1.0361027171555801	0.0000000000000005	0.0000000000000001	3.1622776601683835	3.1622776601694711	-0.0000000000000049	-0.0000000000000022
-3.7414420097100796	3.7414420097099881	0.0000000000000025	-2.7746776624051956	-0.0000000000000621	-0.0000000000000003	-0.0000000000001643	8.2043566575576268	-0.0000000000000006	-0.0000000000000005	1.1541419178660728	-0.0000000000000001	-3.5355339059317501	3.5355339059318447	0.0000000000000017	-0.0000000000000010
0.0000000000000214	0.0000000000000146	-0.0000000000000016	-0.0000000000000001	0.0000000000000102	0.0000000000000004	0.0000000000000228	0.0000000000000052	0.9302480137017809	0.0000000000000002	0.0000000000000004	0.2583495001865342	0.0000000000000360	0.0000000000000177	-0.0000000000000012	0.7071067811865464