29784000	0
29788000	0
29792000	0
29796000	0
29800000	0
29804000	0
29808000	0
29812000	0
29816000	0
29820000	0
29824000	0
29828000	0
29832000	0
29836000	0
29840000	0
29844000	0
29848000	0
29852000	0
29856000	0
29860000	0
29864000	0
29868000	0
29872000	0
29876000	0
29880000	0
29884000	0
29888000	0
29892000	0
29896000	0
29900000	0
29904000	0
29908000	0
29912000	0
29916000	0
29920000	0
29924000	0
29928000	0
29932000	0
29936000	0
29940000	0
29944000	0
29948000	0
29952000	0
29956000	0
29960000	0
29964000	0
29968000	0
29972000	0
29976000	0
29980000	0
29984000	0
29988000	0
29992000	0
29996000	0
30000000	0
30004000	0
30008000	0
30012000	0
30016000	0
30020000	0
30024000	0
30028000	0
30032000	0
30036000	0
30040000	0
30044000	0
30048000	0
30052000	0
30056000	0
30060000	0
30064000	0
30068000	0
30072000	0
30076000	0
30080000	0
30084000	0
30088000	0
30092000	0
30096000	0
30100000	0
30104000	0
30108000	0
30112000	0
30116000	0
30120000	0
30124000	0
30128000	0
30132000	0
30136000	0
30140000	0
30144000	0
30148000	0
30152000	0
30156000	0
30160000	0
30164000	0
30168000	0
30172000	0
30176000	0
30180000	0
30184000	0
30188000	0
30192000	0
30196000	0
30200000	0
30204000	0
30208000	0
30212000	0
30216000	0
30220000	0
30224000	0
30228000	0
30232000	0
30236000	0
30240000	0
30244000	0
30248000	0
30252000	0
30256000	0
30260000	0
30264000	0
30268000	0
30272000	0
30276000	0
30280000	0
30284000	0
30288000	0
30292000	0
30296000	0
30300000	0
30304000	0
30308000	0
30312000	0
30316000	0
30320000	0
30324000	0
30328000	0
30332000	0
30336000	0
30340000	0
30344000	0
30348000	0
30352000	0
30356000	0
30360000	0
30364000	0
30368000	0
30372000	0
30376000	0
30380000	0
30384000	0
30388000	0
30392000	0
30396000	0
30400000	0
30404000	0
30408000	0
30412000	0
30416000	0
30420000	0
30424000	0
30428000	0
30432000	0
30436000	0
30440000	0
30444000	0
30448000	0
30452000	0
30456000	0
30460000	0
30464000	0
30468000	0
30472000	0
30476000	0
30480000	0
30484000	0
30488000	0
30492000	0
30496000	0
30500000	0
30504000	0
30508000	0
30512000	0
30516000	0
30520000	0
30524000	0
30528000	0
30532000	0
30536000	0
30540000	0
30544000	0
30548000	0
30552000	0
30556000	0
30560000	0
30564000	0
30568000	0
30572000	0
30576000	0
30580000	0
30584000	0
30588000	0
30592000	0
30596000	0
30600000	0
30604000	0
30608000	0
30612000	0
30616000	0
30620000	0
30624000	0
30628000	0
30632000	0
30636000	0
30640000	0
30644000	0
30648000	0
30652000	0
30656000	0
30660000	0
30664000	0
30668000	0
30672000	0
30676000	0
30680000	0
30684000	0
30688000	0
30692000	0
30696000	0
30700000	0
30704000	0
30708000	0
30712000	0
30716000	0
30720000	0
30724000	0
30728000	0
30732000	0
30736000	0
30740000	0
30744000	0
30748000	0
30752000	0
30756000	0
30760000	0
30764000	0
30768000	0
30772000	0
30776000	0
30780000	0
30784000	0
30788000	0
30792000	0
30796000	0
30800000	0
30804000	0
30808000	0
30812000	0
30816000	0
30820000	0
30824000	0
30828000	0
30832000	0
30836000	0
30840000	0
30844000	0
30848000	0
30852000	0
30856000	0
30860000	0
30864000	0
30868000	0
30872000	0
30876000	0
30880000	0
30884000	0
30888000	0
30892000	0
30896000	0
30900000	0
30904000	0
30908000	0
30912000	0
30916000	0
30920000	0
30924000	0
30928000	0
30932000	0
30936000	0
30940000	0
30944000	0
30948000	0
30952000	0
30956000	0
30960000	0
30964000	0
30968000	0
30972000	0
30976000	0
30980000	0
30984000	0
30988000	0
30992000	0
30996000	0
31000000	0
31004000	0
31008000	0
31012000	0
31016000	0
31020000	0
31024000	0
31028000	0
31032000	0
31036000	0
31040000	0
31044000	0
31048000	0
31052000	0
31056000	0
31060000	0
31064000	0
31068000	0
31072000	0
31076000	0
31080000	0
31084000	0
31088000	0
31092000	0
31096000	0
31100000	0
31104000	0
31108000	0
31112000	0
31116000	0
31120000	0
31124000	0
31128000	0
31132000	0
31136000	0
31140000	0
31144000	0
31148000	0
31152000	0
31156000	0
31160000	0
31164000	0
31168000	0
31172000	0
31176000	0
31180000	0
31184000	0
31188000	0
31192000	0
31196000	0
31200000	0
31204000	0
31208000	0
31212000	0
31216000	0
31220000	0
31224000	0
31228000	0
31232000	0
31236000	0
31240000	0
31244000	0
31248000	0
31252000	0
31256000	0
31260000	0
31264000	0
31268000	0
31272000	0
31276000	0
31280000	0
31284000	0
31288000	0
31292000	0
31296000	0
31300000	0
31304000	0
31308000	0
31312000	0
31316000	0
31320000	0
31324000	0
31328000	0
31332000	0
31336000	0
31340000	0
31344000	0
31348000	0
31352000	0
31356000	0
31360000	0
31364000	0
31368000	0
31372000	0
31376000	0
31380000	0
31384000	0
31388000	0
31392000	0
31396000	0
31400000	0
31404000	0
31408000	0
31412000	0
31416000	0
31420000	0
31424000	0
31428000	0
31432000	0
31436000	0
31440000	0
31444000	0
31448000	0
31452000	0
31456000	0
31460000	0
31464000	0
31468000	0
31472000	0
31476000	0
31480000	0
31484000	0
31488000	0
31492000	0
31496000	0
31500000	0
31504000	0
31508000	0
31512000	0
31516000	0
31520000	0
31524000	0
31528000	0
31532000	0
31536000	0
31540000	0
31544000	0
31548000	0
31552000	0
31556000	0
31560000	0
31564000	0
31568000	0
31572000	0
31576000	0
31580000	0
31584000	0
31588000	0
31592000	0
31596000	0
31600000	0
31604000	0
31608000	0
31612000	0
31616000	0
31620000	0
31624000	0
31628000	0
31632000	0
31636000	0
31640000	0
31644000	0
31648000	0
31652000	0
31656000	0
31660000	0
31664000	0
31668000	0
31672000	0
31676000	0
31680000	0
31684000	0
31688000	0
31692000	0
31696000	0
31700000	0
31704000	0
31708000	0
31712000	0
31716000	0
31720000	0
31724000	0
31728000	0
31732000	0
31736000	0
31740000	0
31744000	0
31748000	0
31752000	0
31756000	0
31760000	0
31764000	0
31768000	0
31772000	0
31776000	0
31780000	0
31784000	0
31788000	0
31792000	0
31796000	0
31800000	0
31804000	0
31808000	0
31812000	0
31816000	0
31820000	0
31824000	0
31828000	0
31832000	0
31836000	0
31840000	0
31844000	0
31848000	0
31852000	0
31856000	0
31860000	0
31864000	0
31868000	0
31872000	0
31876000	0
31880000	0
31884000	0
31888000	0
31892000	0
31896000	0
31900000	0
31904000	0
31908000	0
31912000	0
31916000	0
31920000	0
31924000	0
31928000	0
31932000	0
31936000	0
31940000	0
31944000	0
31948000	0
31952000	0
31956000	0
31960000	0
31964000	0
31968000	0
31972000	0
31976000	0
31980000	0
31984000	0
31988000	0
31992000	0
31996000	0
32000000	0
32004000	0
32008000	0
32012000	0
32016000	0
32020000	0
32024000	0
32028000	0
32032000	0
32036000	0
32040000	0
32044000	0
32048000	0
32052000	0
32056000	0
32060000	0
32064000	0
32068000	0
32072000	0
32076000	0
32080000	0
32084000	0
32088000	0
32092000	0
32096000	0
32100000	0
32104000	0
32108000	0
32112000	0
32116000	0
32120000	0
32124000	0
32128000	0
32132000	0
32136000	0
32140000	0
32144000	0
32148000	0
32152000	0
32156000	0
32160000	0
32164000	0
32168000	0
32172000	0
32176000	0
32180000	0
32184000	0
32188000	0
32192000	0
32196000	0
32200000	0
32204000	0
32208000	0
32212000	0
32216000	0
32220000	0
32224000	0
32228000	0
32232000	0
32236000	0
32240000	0
32244000	0
32248000	0
32252000	0
32256000	0
32260000	0
32264000	0
32268000	0
32272000	0
32276000	0
32280000	0
32284000	0
32288000	0
32292000	0
32296000	0
32300000	0
32304000	0
32308000	0
32312000	0
32316000	0
32320000	0
32324000	0
32328000	0
32332000	0
32336000	0
32340000	0
32344000	0
32348000	0
32352000	0
32356000	0
32360000	0
32364000	0
32368000	0
32372000	0
32376000	0
32380000	0
32384000	0
32388000	0
32392000	0
32396000	0
32400000	0
32404000	0
32408000	0
32412000	0
32416000	0
32420000	0
32424000	0
32428000	0
32432000	0
32436000	0
32440000	0
32444000	0
32448000	0
32452000	0
32456000	0
32460000	0
32464000	0
32468000	0
32472000	0
32476000	0
32480000	0
32484000	0
32488000	0
32492000	0
32496000	0
32500000	0
32504000	0
32508000	0
32512000	0
32516000	0
32520000	0
32524000	0
32528000	0
32532000	0
32536000	0
32540000	0
32544000	0
32548000	0
32552000	0
32556000	0
32560000	0
32564000	0
32568000	0
32572000	0
32576000	0
32580000	0
32584000	0
32588000	0
32592000	0
32596000	0
32600000	0
32604000	0
32608000	0
32612000	0
32616000	0
32620000	0
32624000	0
32628000	0
32632000	0
32636000	0
32640000	0
32644000	0
32648000	0
32652000	0
32656000	0
32660000	0
32664000	0
32668000	0
32672000	0
32676000	0
32680000	0
32684000	0
32688000	0
32692000	0
32696000	0
32700000	0
32704000	0
32708000	0
32712000	0
32716000	0
32720000	0
32724000	0
32728000	0
32732000	0
32736000	0
32740000	0
32744000	0
32748000	0
32752000	0
32756000	0
32760000	0
32764000	0
32768000	0
32772000	0
32776000	0
32780000	0
32784000	0
32788000	0
32792000	0
32796000	0
32800000	0
32804000	0
32808000	0
32812000	0
32816000	0
32820000	0
32824000	0
32828000	0
32832000	0
32836000	0
32840000	0
32844000	0
32848000	0
32852000	0
32856000	0
32860000	0
32864000	0
32868000	0
32872000	0
32876000	0
32880000	0
32884000	0
32888000	0
32892000	0
32896000	0
32900000	0
32904000	0
32908000	0
32912000	0
32916000	0
32920000	0
32924000	0
32928000	0
32932000	0
32936000	0
32940000	0
32944000	0
32948000	0
32952000	0
32956000	0
32960000	0
32964000	0
32968000	0
32972000	0
32976000	0
32980000	0
32984000	0
32988000	0
32992000	0
32996000	0
33000000	0
33004000	0
33008000	0
33012000	0
33016000	0
33020000	0
33024000	0
33028000	0
33032000	0
33036000	0
33040000	0
33044000	0
33048000	0
33052000	0
33056000	0
33060000	0
33064000	0
33068000	0
33072000	0
33076000	0
33080000	0
33084000	0
33088000	0
33092000	0
33096000	0
33100000	0
33104000	0
33108000	0
33112000	0
33116000	0
33120000	0
33124000	0
33128000	0
33132000	0
33136000	0
33140000	0
33144000	0
33148000	0
33152000	0
33156000	0
33160000	0
33164000	0
33168000	0
33172000	0
33176000	0
33180000	0
33184000	0
33188000	0
33192000	0
33196000	0
33200000	0
33204000	0
33208000	0
33212000	0
33216000	0
33220000	0
33224000	0
33228000	0
33232000	0
33236000	0
33240000	0
33244000	0
33248000	0
33252000	0
33256000	0
33260000	0
33264000	0
33268000	0
33272000	0
33276000	0
33280000	0
33284000	0
33288000	0
33292000	0
33296000	0
33300000	0
33304000	0
33308000	0
33312000	0
33316000	0
33320000	0
33324000	0
33328000	0
33332000	0
33336000	0
33340000	0
33344000	0
33348000	0
33352000	0
33356000	0
33360000	0
33364000	0
33368000	0
33372000	0
33376000	0
33380000	0
33384000	0
33388000	0
33392000	0
33396000	0
33400000	0
33404000	0
33408000	0
33412000	0
33416000	0
33420000	0
33424000	0
33428000	0
33432000	0
33436000	0
33440000	0
33444000	0
33448000	0
33452000	0
33456000	0
33460000	0
33464000	0
33468000	0
33472000	0
33476000	0
33480000	0
33484000	0
33488000	0
33492000	0
33496000	0
33500000	0
33504000	0
33508000	0
33512000	0
33516000	0
33520000	0
33524000	0
33528000	0
33532000	0
33536000	0
33540000	0
33544000	0
33548000	0
33552000	0
33556000	0
33560000	0
33564000	0
33568000	0
33572000	0
33576000	0
33580000	0
33584000	0
33588000	0
33592000	0
33596000	0
33600000	0
33604000	0
33608000	0
33612000	0
33616000	0
33620000	0
33624000	0
33628000	0
33632000	0
33636000	0
33640000	0
33644000	0
33648000	0
33652000	0
33656000	0
33660000	0
33664000	0
33668000	0
33672000	0
33676000	0
33680000	0
33684000	0
33688000	0
33692000	0
33696000	0
33700000	0
33704000	0
33708000	0
33712000	0
33716000	0
33720000	0
33724000	0
33728000	0
33732000	0
33736000	0
33740000	0
33744000	0
33748000	0
33752000	0
33756000	0
33760000	0
33764000	0
33768000	0
33772000	0
33776000	0
33780000	0
33784000	0
33788000	0
33792000	0
33796000	0
33800000	0
33804000	0
33808000	0
33812000	0
33816000	0
33820000	0
33824000	0
33828000	0
33832000	0
33836000	0
33840000	0
33844000	0
33848000	0
33852000	0
33856000	0
33860000	0
33864000	0
33868000	0
33872000	0
33876000	0
33880000	0
33884000	0
33888000	0
33892000	0
33896000	0
33900000	0
33904000	0
33908000	0
33912000	0
33916000	0
33920000	0
33924000	0
33928000	0
33932000	0
33936000	0
33940000	0
33944000	0
33948000	0
33952000	0
33956000	0
33960000	0
33964000	0
33968000	0
33972000	0
33976000	0
33980000	0
33984000	0
33988000	0
33992000	0
33996000	0
34000000	0
34004000	0
34008000	0
34012000	0
34016000	0
34020000	0
34024000	0
34028000	0
34032000	0
34036000	0
34040000	0
34044000	0
34048000	0
34052000	0
34056000	0
34060000	0
34064000	0
34068000	0
34072000	0
34076000	0
34080000	0
34084000	0
34088000	0
34092000	0
34096000	0
34100000	0
34104000	0
34108000	0
34112000	0
34116000	0
34120000	0
34124000	0
34128000	0
34132000	0
34136000	0
34140000	0
34144000	0
34148000	0
34152000	0
34156000	0
34160000	0
34164000	0
34168000	0
34172000	0
34176000	0
34180000	0
34184000	0
34188000	0
34192000	0
34196000	0
34200000	0
34204000	0
34208000	0
34212000	0
34216000	0
34220000	0
34224000	0
34228000	0
34232000	0
34236000	0
34240000	0
34244000	0
34248000	0
34252000	0
34256000	0
34260000	0
34264000	0
34268000	0
34272000	0
34276000	0
34280000	0
34284000	0
34288000	0
34292000	0
34296000	0
34300000	0
34304000	0
34308000	0
34312000	0
34316000	0
34320000	0
34324000	0
34328000	0
34332000	0
34336000	0
34340000	0
34344000	0
34348000	0
34352000	0
34356000	0
34360000	0
34364000	0
34368000	0
34372000	0
34376000	0
34380000	0
34384000	0
34388000	0
34392000	0
34396000	0
34400000	0
34404000	0
34408000	0
34412000	0
34416000	0
34420000	0
34424000	0
34428000	0
34432000	0
34436000	0
34440000	0
34444000	0
34448000	0
34452000	0
34456000	0
34460000	0
34464000	0
34468000	0
34472000	0
34476000	0
34480000	0
34484000	0
34488000	0
34492000	0
34496000	0
34500000	0
34504000	0
34508000	0
34512000	0
34516000	0
34520000	0
34524000	0
34528000	0
34532000	0
34536000	0
34540000	0
34544000	0
34548000	0
34552000	0
34556000	0
34560000	0
34564000	0
34568000	0
34572000	0
34576000	0
34580000	0
34584000	0
34588000	0
34592000	0
34596000	0
34600000	0
34604000	0
34608000	0
34612000	0
34616000	0
34620000	0
34624000	0
34628000	0
34632000	0
34636000	0
34640000	0
34644000	0
34648000	0
34652000	0
34656000	0
34660000	0
34664000	0
34668000	0
34672000	0
34676000	0
34680000	0
34684000	0
34688000	0
34692000	0
34696000	0
34700000	0
34704000	0
34708000	0
34712000	0
34716000	0
34720000	0
34724000	0
34728000	0
34732000	0
34736000	0
34740000	0
34744000	0
34748000	0
34752000	0
34756000	0
34760000	0
34764000	0
34768000	0
34772000	0
34776000	0
34780000	0
34784000	0
34788000	0
34792000	0
34796000	0
34800000	0
34804000	0
34808000	0
34812000	0
34816000	0
34820000	0
34824000	0
34828000	0
34832000	0
34836000	0
34840000	0
34844000	0
34848000	0
34852000	0
34856000	0
34860000	0
34864000	0
34868000	0
34872000	0
34876000	0
34880000	0
34884000	0
34888000	0
34892000	0
34896000	0
34900000	0
34904000	0
34908000	0
34912000	0
34916000	0
34920000	0
34924000	0
34928000	0
34932000	0
34936000	0
34940000	0
34944000	0
34948000	0
34952000	0
34956000	0
34960000	0
34964000	0
34968000	0
34972000	0
34976000	0
34980000	0
34984000	0
34988000	0
34992000	0
34996000	0
35000000	0
35004000	0
35008000	0
35012000	0
35016000	0
35020000	0
35024000	0
35028000	0
35032000	0
35036000	0
35040000	0
35044000	0
35048000	0
35052000	0
35056000	0
35060000	0
35064000	0
35068000	0
35072000	0
35076000	0
35080000	0
35084000	0
35088000	0
35092000	0
35096000	0
35100000	0
35104000	0
35108000	0
35112000	0
35116000	0
35120000	0
35124000	0
35128000	0
35132000	0
35136000	0
35140000	0
35144000	0
35148000	0
35152000	0
35156000	0
35160000	0
35164000	0
35168000	0
35172000	0
35176000	0
35180000	0
35184000	0
35188000	0
35192000	0
35196000	0
35200000	0
35204000	0
35208000	0
35212000	0
35216000	0
35220000	0
35224000	0
35228000	0
35232000	0
35236000	0
35240000	0
35244000	0
35248000	0
35252000	0
35256000	0
35260000	0
35264000	0
35268000	0
35272000	0
35276000	0
35280000	0
35284000	0
35288000	0
35292000	0
35296000	0
35300000	0
35304000	0
35308000	0
35312000	0
35316000	0
35320000	0
35324000	0
35328000	0
35332000	0
35336000	0
35340000	0
35344000	0
35348000	0
35352000	0
35356000	0
35360000	0
35364000	0
35368000	0
35372000	0
35376000	0
35380000	0
35384000	0
35388000	0
35392000	0
35396000	0
35400000	0
35404000	0
35408000	0
35412000	0
35416000	0
35420000	0
35424000	0
35428000	0
35432000	0
35436000	0
35440000	0
35444000	0
35448000	0
35452000	0
35456000	0
35460000	0
35464000	0
35468000	0
35472000	0
35476000	0
35480000	0
35484000	0
35488000	0
35492000	0
35496000	0
35500000	0
35504000	0
35508000	0
35512000	0
35516000	0
35520000	0
35524000	0
35528000	0
35532000	0
35536000	0
35540000	0
35544000	0
35548000	0
35552000	0
35556000	0
35560000	0
35564000	0
35568000	0
35572000	0
35576000	0
35580000	0
35584000	0
35588000	0
35592000	0
35596000	0
35600000	0
35604000	0
35608000	0
35612000	0
35616000	0
35620000	0
35624000	0
35628000	0
35632000	0
35636000	0
35640000	0
35644000	0
35648000	0
35652000	0
35656000	0
35660000	0
35664000	0
35668000	0
35672000	0
35676000	0
35680000	0
35684000	0
35688000	0
35692000	0
35696000	0
35700000	0
35704000	0
35708000	0
35712000	0
35716000	0
35720000	0
35724000	0
35728000	0
35732000	0
35736000	0
35740000	0
35744000	0
35748000	0
35752000	0
35756000	0
35760000	0
35764000	0
35768000	0
35772000	0
35776000	0
35780000	0
35784000	0
35788000	0
35792000	0
35796000	0
35800000	0
35804000	0
35808000	0
35812000	0
35816000	0
35820000	0
35824000	0
35828000	0
35832000	0
35836000	0
35840000	0
35844000	0
35848000	0
35852000	0
35856000	0
35860000	0
35864000	0
35868000	0
35872000	0
35876000	0
35880000	0
35884000	0
35888000	0
35892000	0
35896000	0
35900000	0
35904000	0
35908000	0
35912000	0
35916000	0
35920000	0
35924000	0
35928000	0
35932000	0
35936000	0
35940000	0
35944000	0
35948000	0
35952000	0
35956000	0
35960000	0
35964000	0
35968000	0
35972000	0
35976000	0
35980000	0
35984000	0
35988000	0
35992000	0
35996000	0
36000000	0
36004000	0
36008000	0
36012000	0
36016000	0
36020000	0
36024000	0
36028000	0
36032000	0
36036000	0
36040000	0
36044000	0
36048000	0
36052000	0
36056000	0
36060000	0
36064000	0
36068000	0
36072000	0
36076000	0
36080000	0
36084000	0
36088000	0
36092000	0
36096000	0
36100000	0
36104000	0
36108000	0
36112000	0
36116000	0
36120000	0
36124000	0
36128000	0
36132000	0
36136000	0
36140000	0
36144000	0
36148000	0
36152000	0
36156000	0
36160000	0
36164000	0
36168000	0
36172000	0
36176000	0
36180000	0
36184000	0
36188000	0
36192000	0
36196000	0
36200000	0
36204000	0
36208000	0
36212000	0
36216000	0
36220000	0
36224000	0
36228000	0
36232000	0
36236000	0
36240000	0
36244000	0
36248000	0
36252000	0
36256000	0
36260000	0
36264000	0
36268000	0
36272000	0
36276000	0
36280000	0
36284000	0
36288000	0
36292000	0
36296000	0
36300000	0
36304000	0
36308000	0
36312000	0
36316000	0
36320000	0
36324000	0
36328000	0
36332000	0
36336000	0
36340000	0
36344000	0
36348000	0
36352000	0
36356000	0
36360000	0
36364000	0
36368000	0
36372000	0
36376000	0
36380000	0
36384000	0
36388000	0
36392000	0
36396000	0
36400000	0
36404000	0
36408000	0
36412000	0
36416000	0
36420000	0
36424000	0
36428000	0
36432000	0
36436000	0
36440000	0
36444000	0
36448000	0
36452000	0
36456000	0
36460000	0
36464000	0
36468000	0
36472000	0
36476000	0
36480000	0
36484000	0
36488000	0
36492000	0
36496000	0
36500000	0
36504000	0
36508000	0
36512000	0
36516000	0
36520000	0
36524000	0
36528000	0
36532000	0
36536000	0
36540000	0
36544000	0
36548000	0
36552000	0
36556000	0
36560000	0
36564000	0
36568000	0
36572000	0
36576000	0
36580000	0
36584000	0
36588000	0
36592000	0
36596000	0
36600000	0
36604000	0
36608000	0
36612000	0
36616000	0
36620000	0
36624000	0
36628000	0
36632000	0
36636000	0
36640000	0
36644000	0
36648000	0
36652000	0
36656000	0
36660000	0
36664000	0
36668000	0
36672000	0
36676000	0
36680000	0
36684000	0
36688000	0
36692000	0
36696000	0
36700000	0
36704000	0
36708000	0
36712000	0
36716000	0
36720000	0
36724000	0
36728000	0
36732000	0
36736000	0
36740000	0
36744000	0
36748000	0
36752000	0
36756000	0
36760000	0
36764000	0
36768000	0
36772000	0
36776000	0
36780000	0
36784000	0
36788000	0
36792000	0
36796000	0
36800000	0
36804000	0
36808000	0
36812000	0
36816000	0
36820000	0
36824000	0
36828000	0
36832000	0
36836000	0
36840000	0
36844000	0
36848000	0
36852000	0
36856000	0
36860000	0
36864000	0
36868000	0
36872000	0
36876000	0
36880000	0
36884000	0
36888000	0
36892000	0
36896000	0
36900000	0
36904000	0
36908000	0
36912000	0
36916000	0
36920000	0
36924000	0
36928000	0
36932000	0
36936000	0
36940000	0
36944000	0
36948000	0
36952000	0
36956000	0
36960000	0
36964000	0
36968000	0
36972000	0
36976000	0
36980000	0
36984000	0
36988000	0
36992000	0
36996000	0
37000000	0
37004000	0
37008000	0
37012000	0
37016000	0
37020000	0
37024000	0
37028000	0
37032000	0
37036000	0
37040000	0
37044000	0
37048000	0
37052000	0
37056000	0
37060000	0
37064000	0
37068000	0
37072000	0
37076000	0
37080000	0
37084000	0
37088000	0
37092000	0
37096000	0
37100000	0
37104000	0
37108000	0
37112000	0
37116000	0
37120000	0
37124000	0
37128000	0
37132000	0
37136000	0
37140000	0
37144000	0
37148000	0
37152000	0
37156000	0
37160000	0
37164000	0
37168000	0
37172000	0
37176000	0
37180000	0
37184000	0
37188000	0
37192000	0
37196000	0
37200000	0
37204000	0
37208000	0
37212000	0
37216000	0
37220000	0
37224000	0
37228000	0
37232000	0
37236000	0
37240000	0
37244000	0
37248000	0
37252000	0
37256000	0
37260000	0
37264000	0
37268000	0
37272000	0
37276000	0
37280000	0
37284000	0
37288000	0
37292000	0
37296000	0
37300000	0
37304000	0
37308000	0
37312000	0
37316000	0
37320000	0
37324000	0
37328000	0
37332000	0
37336000	0
37340000	0
37344000	0
37348000	0
37352000	0
37356000	0
37360000	0
37364000	0
37368000	0
37372000	0
37376000	0
37380000	0
37384000	0
37388000	0
37392000	0
37396000	0
37400000	0
37404000	0
37408000	0
37412000	0
37416000	0
37420000	0
37424000	0
37428000	0
37432000	0
37436000	0
37440000	0
37444000	0
37448000	0
37452000	0
37456000	0
37460000	0
37464000	0
37468000	0
37472000	0
37476000	0
37480000	0
37484000	0
37488000	0
37492000	0
37496000	0
37500000	0
37504000	0
37508000	0
37512000	0
37516000	0
37520000	0
37524000	0
37528000	0
37532000	0
37536000	0
37540000	0
37544000	0
37548000	0
37552000	0
37556000	0
37560000	0
37564000	0
37568000	0
37572000	0
37576000	0
37580000	0
37584000	0
37588000	0
37592000	0
37596000	0
37600000	0
37604000	0
37608000	0
37612000	0
37616000	0
37620000	0
37624000	0
37628000	0
37632000	0
37636000	0
37640000	0
37644000	0
37648000	0
37652000	0
37656000	0
37660000	0
37664000	0
37668000	0
37672000	0
37676000	0
37680000	0
37684000	0
37688000	0
37692000	0
37696000	0
37700000	0
37704000	0
37708000	0
37712000	0
37716000	0
37720000	0
37724000	0
37728000	0
37732000	0
37736000	0
37740000	0
37744000	0
37748000	0
37752000	0
37756000	0
37760000	0
37764000	0
37768000	0
37772000	0
37776000	0
37780000	0
37784000	0
37788000	0
37792000	0
37796000	0
37800000	0
37804000	0
37808000	0
37812000	0
37816000	0
37820000	0
37824000	0
37828000	0
37832000	0
37836000	0
37840000	0
37844000	0
37848000	0
37852000	0
37856000	0
37860000	0
37864000	0
37868000	0
37872000	0
37876000	0
37880000	0
37884000	0
37888000	0
37892000	0
37896000	0
37900000	0
37904000	0
37908000	0
37912000	0
37916000	0
37920000	0
37924000	0
37928000	0
37932000	0
37936000	0
37940000	0
37944000	0
37948000	0
37952000	0
37956000	0
37960000	0
37964000	0
37968000	0
37972000	0
37976000	0
37980000	0
37984000	0
37988000	0
37992000	0
37996000	0
38000000	0
38004000	0
38008000	0
38012000	0
38016000	0
38020000	0
38024000	0
38028000	0
38032000	0
38036000	0
38040000	0
38044000	0
38048000	0
38052000	0
38056000	0
38060000	0
38064000	0
38068000	0
38072000	0
38076000	0
38080000	0
38084000	0
38088000	0
38092000	0
38096000	0
38100000	0
38104000	0
38108000	0
38112000	0
38116000	0
38120000	0
38124000	0
38128000	0
38132000	0
38136000	0
38140000	0
38144000	0
38148000	0
38152000	0
38156000	0
38160000	0
38164000	0
38168000	0
38172000	0
38176000	0
38180000	0
38184000	0
38188000	0
38192000	0
38196000	0
38200000	0
38204000	0
38208000	0
38212000	0
38216000	0
38220000	0
38224000	0
38228000	0
38232000	0
38236000	0
38240000	0
38244000	0
38248000	0
38252000	0
38256000	0
38260000	0
38264000	0
38268000	0
38272000	0
38276000	0
38280000	0
38284000	0
38288000	0
38292000	0
38296000	0
38300000	0
38304000	0
38308000	0
38312000	0
38316000	0
38320000	0
38324000	0
38328000	0
38332000	0
38336000	0
38340000	0
38344000	0
38348000	0
38352000	0
38356000	0
38360000	0
38364000	0
38368000	0
38372000	0
38376000	0
38380000	0
38384000	0
38388000	0
38392000	0
38396000	0
38400000	0
38404000	0
38408000	0
38412000	0
38416000	0
38420000	0
38424000	0
38428000	0
38432000	0
38436000	0
38440000	0
38444000	0
38448000	0
38452000	0
38456000	0
38460000	0
38464000	0
38468000	0
38472000	0
38476000	0
38480000	0
38484000	0
38488000	0
38492000	0
38496000	0
38500000	0
38504000	0
38508000	0
38512000	0
38516000	0
38520000	0
38524000	0
38528000	0
38532000	0
38536000	0
38540000	0
38544000	0
38548000	0
38552000	0
38556000	0
38560000	0
38564000	0
38568000	0
38572000	0
38576000	0
38580000	0
38584000	0
38588000	0
38592000	0
38596000	0
38600000	0
38604000	0
38608000	0
38612000	0
38616000	0
38620000	0
38624000	0
38628000	0
38632000	0
38636000	0
38640000	0
38644000	0
38648000	0
38652000	0
38656000	0
38660000	0
38664000	0
38668000	0
38672000	0
38676000	0
38680000	0
38684000	0
38688000	0
38692000	0
38696000	0
38700000	0
38704000	0
38708000	0
38712000	0
38716000	0
38720000	0
38724000	0
38728000	0
38732000	0
38736000	0
38740000	0
38744000	0
38748000	0
38752000	0
38756000	0
38760000	0
38764000	0
38768000	0
38772000	0
38776000	0
38780000	0
38784000	0
38788000	0
38792000	0
38796000	0
38800000	0
38804000	0
38808000	0
38812000	0
38816000	0
38820000	0
38824000	0
38828000	0
38832000	0
38836000	0
38840000	0
38844000	0
38848000	0
38852000	0
38856000	0
38860000	0
38864000	0
38868000	0
38872000	0
38876000	0
38880000	0
38884000	0
38888000	0
38892000	0
38896000	0
38900000	0
38904000	0
38908000	0
38912000	0
38916000	0
38920000	0
38924000	0
38928000	0
38932000	0
38936000	0
38940000	0
38944000	0
38948000	0
38952000	0
38956000	0
38960000	0
38964000	0
38968000	0
38972000	0
38976000	0
38980000	0
38984000	0
38988000	0
38992000	0
38996000	0
39000000	0
39004000	0
39008000	0
39012000	0
39016000	0
39020000	0
39024000	0
39028000	0
39032000	0
39036000	0
39040000	0
39044000	0
39048000	0
39052000	0
39056000	0
39060000	0
39064000	0
39068000	0
39072000	0
39076000	0
39080000	0
39084000	0
39088000	0
39092000	0
39096000	0
39100000	0
39104000	0
39108000	0
39112000	0
39116000	0
39120000	0
39124000	0
39128000	0
39132000	0
39136000	0
39140000	0
39144000	0
39148000	0
39152000	0
39156000	0
39160000	0
39164000	0
39168000	0
39172000	0
39176000	0
39180000	0
39184000	0
39188000	0
39192000	0
39196000	0
39200000	0
39204000	0
39208000	0
39212000	0
39216000	0
39220000	0
39224000	0
39228000	0
39232000	0
39236000	0
39240000	0
39244000	0
39248000	0
39252000	0
39256000	0
39260000	0
39264000	0
39268000	0
39272000	0
39276000	0
39280000	0
39284000	0
39288000	0
39292000	0
39296000	0
39300000	0
39304000	0
39308000	0
39312000	0
39316000	0
39320000	0
39324000	0
39328000	0
39332000	0
39336000	0
39340000	0
39344000	0
39348000	0
39352000	0
39356000	0
39360000	0
39364000	0
39368000	0
39372000	0
39376000	0
39380000	0
39384000	0
39388000	0
39392000	0
39396000	0
39400000	0
39404000	0
39408000	0
39412000	0
39416000	0
39420000	0
39424000	0
39428000	0
39432000	0
39436000	0
39440000	0
39444000	0
39448000	0
39452000	0
39456000	0
39460000	0
39464000	0
39468000	0
39472000	0
39476000	0
39480000	0
39484000	0
39488000	0
39492000	0
39496000	0
39500000	0
39504000	0
39508000	0
39512000	0
39516000	0
39520000	0
39524000	0
39528000	0
39532000	0
39536000	0
39540000	0
39544000	0
39548000	0
39552000	0
39556000	0
39560000	0
39564000	0
39568000	0
39572000	0
39576000	0
39580000	0
39584000	0
39588000	0
39592000	0
39596000	0
39600000	0
39604000	0
39608000	0
39612000	0
39616000	0
39620000	0
39624000	0
39628000	0
39632000	0
39636000	0
39640000	0
39644000	0
39648000	0
39652000	0
39656000	0
39660000	0
39664000	0
39668000	0
39672000	0
39676000	0
39680000	0
39684000	0
39688000	0
39692000	0
39696000	0
39700000	0
39704000	0
39708000	0
39712000	0
39716000	0
39720000	0
39724000	0
39728000	0
39732000	0
39736000	0
39740000	0
39744000	0
39748000	0
39752000	0
39756000	0
39760000	0
39764000	0
39768000	0
39772000	0
39776000	0
39780000	0
39784000	0
39788000	0
39792000	0
39796000	0
39800000	0
39804000	0
39808000	0
39812000	0
39816000	0
39820000	0
39824000	0
39828000	0
39832000	0
39836000	0
39840000	0
39844000	0
39848000	0
39852000	0
39856000	0
39860000	0
39864000	0
39868000	0
39872000	0
39876000	0
39880000	0
39884000	0
39888000	0
39892000	0
39896000	0
39900000	0
39904000	0
39908000	0
39912000	0
39916000	0
39920000	0
39924000	0
39928000	0
39932000	0
39936000	0
39940000	0
39944000	0
39948000	0
39952000	0
39956000	0
39960000	0
39964000	0
39968000	0
39972000	0
39976000	0
39980000	0
39984000	0
39988000	0
39992000	0
39996000	0
40000000	0
40004000	0
40008000	0
40012000	0
40016000	0
40020000	0
40024000	0
40028000	0
40032000	0
40036000	0
40040000	0
40044000	0
40048000	0
40052000	0
40056000	0
40060000	0
40064000	0
40068000	0
40072000	0
40076000	0
40080000	0
40084000	0
40088000	0
40092000	0
40096000	0
40100000	0
40104000	0
40108000	0
40112000	0
40116000	0
40120000	0
40124000	0
40128000	0
40132000	0
40136000	0
40140000	0
40144000	0
40148000	0
40152000	0
40156000	0
40160000	0
40164000	0
40168000	0
40172000	0
40176000	0
40180000	0
40184000	0
40188000	0
40192000	0
40196000	0
40200000	0
40204000	0
40208000	0
40212000	0
40216000	0
40220000	0
40224000	0
40228000	0
40232000	0
40236000	0
40240000	0
40244000	0
40248000	0
40252000	0
40256000	0
40260000	0
40264000	0
40268000	0
40272000	0
40276000	0
40280000	0
40284000	0
40288000	0
40292000	0
40296000	0
40300000	0
40304000	0
40308000	0
40312000	0
40316000	0
40320000	0
40324000	0
40328000	0
40332000	0
40336000	0
40340000	0
40344000	0
40348000	0
40352000	0
40356000	0
40360000	0
40364000	0
40368000	0
40372000	0
40376000	0
40380000	0
40384000	0
40388000	0
40392000	0
40396000	0
40400000	0
40404000	0
40408000	0
40412000	0
40416000	0
40420000	0
40424000	0
40428000	0
40432000	0
40436000	0
40440000	0
40444000	0
40448000	0
40452000	0
40456000	0
40460000	0
40464000	0
40468000	0
40472000	0
40476000	0
40480000	0
40484000	0
40488000	0
40492000	0
40496000	0
40500000	0
40504000	0
40508000	0
40512000	0
40516000	0
40520000	0
40524000	0
40528000	0
40532000	0
40536000	0
40540000	0
40544000	0
40548000	0
40552000	0
40556000	0
40560000	0
40564000	0
40568000	0
40572000	0
40576000	0
40580000	0
40584000	0
40588000	0
40592000	0
40596000	0
40600000	0
40604000	0
40608000	0
40612000	0
40616000	0
40620000	0
40624000	0
40628000	0
40632000	0
40636000	0
40640000	0
40644000	0
40648000	0
40652000	0
40656000	0
40660000	0
40664000	0
40668000	0
40672000	0
40676000	0
40680000	0
40684000	0
40688000	0
40692000	0
40696000	0
40700000	0
40704000	0
40708000	0
40712000	0
40716000	0
40720000	0
40724000	0
40728000	0
40732000	0
40736000	0
40740000	0
40744000	0
40748000	0
40752000	0
40756000	0
40760000	0
40764000	0
40768000	0
40772000	0
40776000	0
40780000	0
40784000	0
40788000	0
40792000	0
40796000	0
40800000	0
40804000	0
40808000	0
40812000	0
40816000	0
40820000	0
40824000	0
40828000	0
40832000	0
40836000	0
40840000	0
40844000	0
40848000	0
40852000	0
40856000	0
40860000	0
40864000	0
40868000	0
40872000	0
40876000	0
40880000	0
40884000	0
40888000	0
40892000	0
40896000	0
40900000	0
40904000	0
40908000	0
40912000	0
40916000	0
40920000	0
40924000	0
40928000	0
40932000	0
40936000	0
40940000	0
40944000	0
40948000	0
40952000	0
40956000	0
40960000	0
40964000	0
40968000	0
40972000	0
40976000	0
40980000	0
40984000	0
40988000	0
40992000	0
40996000	0
41000000	0
41004000	0
41008000	0
41012000	0
41016000	0
41020000	0
41024000	0
41028000	0
41032000	0
41036000	0
41040000	0
41044000	0
41048000	0
41052000	0
41056000	0
41060000	0
41064000	0
41068000	0
41072000	0
41076000	0
41080000	0
41084000	0
41088000	0
41092000	0
41096000	0
41100000	0
41104000	0
41108000	0
41112000	0
41116000	0
41120000	0
41124000	0
41128000	0
41132000	0
41136000	0
41140000	0
41144000	0
41148000	0
41152000	0
41156000	0
41160000	0
41164000	0
41168000	0
41172000	0
41176000	0
41180000	0
41184000	0
41188000	0
41192000	0
41196000	0
41200000	0
41204000	0
41208000	0
41212000	0
41216000	0
41220000	0
41224000	0
41228000	0
41232000	0
41236000	0
41240000	0
41244000	0
41248000	0
41252000	0
41256000	0
41260000	0
41264000	0
41268000	0
41272000	0
41276000	0
41280000	0
41284000	0
41288000	0
41292000	0
41296000	0
41300000	0
41304000	0
41308000	0
41312000	0
41316000	0
41320000	0
41324000	0
41328000	0
41332000	0
41336000	0
41340000	0
41344000	0
41348000	0
41352000	0
41356000	0
41360000	0
41364000	0
41368000	0
41372000	0
41376000	0
41380000	0
41384000	0
41388000	0
41392000	0
41396000	0
41400000	0
41404000	0
41408000	0
41412000	0
41416000	0
41420000	0
41424000	0
41428000	0
41432000	0
41436000	0
41440000	0
41444000	0
41448000	0
41452000	0
41456000	0
41460000	0
41464000	0
41468000	0
41472000	0
41476000	0
41480000	0
41484000	0
41488000	0
41492000	0
41496000	0
41500000	0
41504000	0
41508000	0
41512000	0
41516000	0
41520000	0
41524000	0
41528000	0
41532000	0
41536000	0
41540000	0
41544000	0
41548000	0
41552000	0
41556000	0
41560000	0
41564000	0
41568000	0
41572000	0
41576000	0
41580000	0
41584000	0
41588000	0
41592000	0
41596000	0
41600000	0
41604000	0
41608000	0
41612000	0
41616000	0
41620000	0
41624000	0
41628000	0
41632000	0
41636000	0
41640000	0
41644000	0
41648000	0
41652000	0
41656000	0
41660000	0
41664000	0
41668000	0
41672000	0
41676000	0
41680000	0
41684000	0
41688000	0
41692000	0
41696000	0
41700000	0
41704000	0
41708000	0
41712000	0
41716000	0
41720000	0
41724000	0
41728000	0
41732000	0
41736000	0
41740000	0
41744000	0
41748000	0
41752000	0
41756000	0
41760000	0
41764000	0
41768000	0
41772000	0
41776000	0
41780000	0
41784000	0
41788000	0
41792000	0
41796000	0
41800000	0
41804000	0
41808000	0
41812000	0
41816000	0
41820000	0
41824000	0
41828000	0
41832000	0
41836000	0
41840000	0
41844000	0
41848000	0
41852000	0
41856000	0
41860000	0
41864000	0
41868000	0
41872000	0
41876000	0
41880000	0
41884000	0
41888000	0
41892000	0
41896000	0
41900000	0
41904000	0
41908000	0
41912000	0
41916000	0
41920000	0
41924000	0
41928000	0
41932000	0
41936000	0
41940000	0
41944000	0
41948000	0
41952000	0
41956000	0
41960000	0
41964000	0
41968000	0
41972000	0
41976000	0
41980000	0
41984000	0
41988000	0
41992000	0
41996000	0
42000000	0
42004000	0
42008000	0
42012000	0
42016000	0
42020000	0
42024000	0
42028000	0
42032000	0
42036000	0
42040000	0
42044000	0
42048000	0
42052000	0
42056000	0
42060000	0
42064000	0
42068000	0
42072000	0
42076000	0
42080000	0
42084000	0
42088000	0
42092000	0
42096000	0
42100000	0
42104000	0
42108000	0
42112000	0
42116000	0
42120000	0
42124000	0
42128000	0
42132000	0
42136000	0
42140000	0
42144000	0
42148000	0
42152000	0
42156000	0
42160000	0
42164000	0
42168000	0
42172000	0
42176000	0
42180000	0
42184000	0
42188000	0
42192000	0
42196000	0
42200000	0
42204000	0
42208000	0
42212000	0
42216000	0
42220000	0
42224000	0
42228000	0
42232000	0
42236000	0
42240000	0
42244000	0
42248000	0
42252000	0
42256000	0
42260000	0
42264000	0
42268000	0
42272000	0
42276000	0
42280000	0
42284000	0
42288000	0
42292000	0
42296000	0
42300000	0
42304000	0
42308000	0
42312000	0
42316000	0
42320000	0
42324000	0
42328000	0
42332000	0
42336000	0
42340000	0
42344000	0
42348000	0
42352000	0
42356000	0
42360000	0
42364000	0
42368000	0
42372000	0
42376000	0
42380000	0
42384000	0
42388000	0
42392000	0
42396000	0
42400000	0
42404000	0
42408000	0
42412000	0
42416000	0
42420000	0
42424000	0
42428000	0
42432000	0
42436000	0
42440000	0
42444000	0
42448000	0
42452000	0
42456000	0
42460000	0
42464000	0
42468000	0
42472000	0
42476000	0
42480000	0
42484000	0
42488000	0
42492000	0
42496000	0
42500000	0
42504000	0
42508000	0
42512000	0
42516000	0
42520000	0
42524000	0
42528000	0
42532000	0
42536000	0
42540000	0
42544000	0
42548000	0
42552000	0
42556000	0
42560000	0
42564000	0
42568000	0
42572000	0
42576000	0
42580000	0
42584000	0
42588000	0
42592000	0
42596000	0
42600000	0
42604000	0
42608000	0
42612000	0
42616000	0
42620000	0
42624000	0
42628000	0
42632000	0
42636000	0
42640000	0
42644000	0
42648000	0
42652000	0
42656000	0
42660000	0
42664000	0
42668000	0
42672000	0
42676000	0
42680000	0
42684000	0
42688000	0
42692000	0
42696000	0
42700000	0
42704000	0
42708000	0
42712000	0
42716000	0
42720000	0
42724000	0
42728000	0
42732000	0
42736000	0
42740000	0
42744000	0
42748000	0
42752000	0
42756000	0
42760000	0
42764000	0
42768000	0
42772000	0
42776000	0
42780000	0
42784000	0
42788000	0
42792000	0
42796000	0
42800000	0
42804000	0
42808000	0
42812000	0
42816000	0
42820000	0
42824000	0
42828000	0
42832000	0
42836000	0
42840000	0
42844000	0
42848000	0
42852000	0
42856000	0
42860000	0
42864000	0
42868000	0
42872000	0
42876000	0
42880000	0
42884000	0
42888000	0
42892000	0
42896000	0
42900000	0
42904000	0
42908000	0
42912000	0
42916000	0
42920000	0
42924000	0
42928000	0
42932000	0
42936000	0
42940000	0
42944000	0
42948000	0
42952000	0
42956000	0
42960000	0
42964000	0
42968000	0
42972000	0
42976000	0
42980000	0
42984000	0
42988000	0
42992000	0
42996000	0
43000000	0
43004000	0
43008000	0
43012000	0
43016000	0
43020000	0
43024000	0
43028000	0
43032000	0
43036000	0
43040000	0
43044000	0
43048000	0
43052000	0
43056000	0
43060000	0
43064000	0
43068000	0
43072000	0
43076000	0
43080000	0
43084000	0
43088000	0
43092000	0
43096000	0
43100000	0
43104000	0
43108000	0
43112000	0
43116000	0
43120000	0
43124000	0
43128000	0
43132000	0
43136000	0
43140000	0
43144000	0
43148000	0
43152000	0
43156000	0
43160000	0
43164000	0
43168000	0
43172000	0
43176000	0
43180000	0
43184000	0
43188000	0
43192000	0
43196000	0
43200000	0
43204000	0
43208000	0
43212000	0
43216000	0
43220000	0
43224000	0
43228000	0
43232000	0
43236000	0
43240000	0
43244000	0
43248000	0
43252000	0
43256000	0
43260000	0
43264000	0
43268000	0
43272000	0
43276000	0
43280000	0
43284000	0
43288000	0
43292000	0
43296000	0
43300000	0
43304000	0
43308000	0
43312000	0
43316000	0
43320000	0
43324000	0
43328000	0
43332000	0
43336000	0
43340000	0
43344000	0
43348000	0
43352000	0
43356000	0
43360000	0
43364000	0
43368000	0
43372000	0
43376000	0
43380000	0
43384000	0
43388000	0
43392000	0
43396000	0
43400000	0
43404000	0
43408000	0
43412000	0
43416000	0
43420000	0
43424000	0
43428000	0
43432000	0
43436000	0
43440000	0
43444000	0
43448000	0
43452000	0
43456000	0
43460000	0
43464000	0
43468000	0
43472000	0
43476000	0
43480000	0
43484000	0
43488000	0
43492000	0
43496000	0
43500000	0
43504000	0
43508000	0
43512000	0
43516000	0
43520000	0
43524000	0
43528000	0
43532000	0
43536000	0
43540000	0
43544000	0
43548000	0
43552000	0
43556000	0
43560000	0
43564000	0
43568000	0
43572000	0
43576000	0
43580000	0
43584000	0
43588000	0
43592000	0
43596000	0
43600000	0
43604000	0
43608000	0
43612000	0
43616000	0
43620000	0
43624000	0
43628000	0
43632000	0
43636000	0
43640000	0
43644000	0
43648000	0
43652000	0
43656000	0
43660000	0
43664000	0
43668000	0
43672000	0
43676000	0
43680000	0
43684000	0
43688000	0
43692000	0
43696000	0
43700000	0
43704000	0
43708000	0
43712000	0
43716000	0
43720000	0
43724000	0
43728000	0
43732000	0
43736000	0
43740000	0
43744000	0
43748000	0
43752000	0
43756000	0
43760000	0
43764000	0
43768000	0
43772000	0
43776000	0
43780000	0
43784000	0
43788000	0
43792000	0
43796000	0
43800000	0
43804000	0
43808000	0
43812000	0
43816000	0
43820000	0
43824000	0
43828000	0
43832000	0
43836000	0
43840000	0
43844000	0
43848000	0
43852000	0
43856000	0
43860000	0
43864000	0
43868000	0
43872000	0
43876000	0
43880000	0
43884000	0
43888000	0
43892000	0
43896000	0
43900000	0
43904000	0
43908000	0
43912000	0
43916000	0
43920000	0
43924000	0
43928000	0
43932000	0
43936000	0
43940000	0
43944000	0
43948000	0
43952000	0
43956000	0
43960000	0
43964000	0
43968000	0
43972000	0
43976000	0
43980000	0
43984000	0
43988000	0
43992000	0
43996000	0
44000000	0
44004000	0
44008000	0
44012000	0
44016000	0
44020000	0
44024000	0
44028000	0
44032000	0
44036000	0
44040000	0
44044000	0
44048000	0
44052000	0
44056000	0
44060000	0
44064000	0
44068000	0
44072000	0
44076000	0
44080000	0
44084000	0
44088000	0
44092000	0
44096000	0
44100000	0
44104000	0
44108000	0
44112000	0
44116000	0
44120000	0
44124000	0
44128000	0
44132000	0
44136000	0
44140000	0
44144000	0
44148000	0
44152000	0
44156000	0
44160000	0
44164000	0
44168000	0
44172000	0
44176000	0
44180000	0
44184000	0
44188000	0
44192000	0
44196000	0
44200000	0
44204000	0
44208000	0
44212000	0
44216000	0
44220000	0
44224000	0
44228000	0
44232000	0
44236000	0
44240000	0
44244000	0
44248000	0
44252000	0
44256000	0
44260000	0
44264000	0
44268000	0
44272000	0
44276000	0
44280000	0
44284000	0
44288000	0
44292000	0
44296000	0
44300000	0
44304000	0
44308000	0
44312000	0
44316000	0
44320000	0
44324000	0
44328000	0
44332000	0
44336000	0
44340000	0
44344000	0
44348000	0
44352000	0
44356000	0
44360000	0
44364000	0
44368000	0
44372000	0
44376000	0
44380000	0
44384000	0
44388000	0
44392000	0
44396000	0
44400000	0
44404000	0
44408000	0
44412000	0
44416000	0
44420000	0
44424000	0
44428000	0
44432000	0
44436000	0
44440000	0
44444000	0
44448000	0
44452000	0
44456000	0
44460000	0
44464000	0
44468000	0
44472000	0
44476000	0
44480000	0
44484000	0
44488000	0
44492000	0
44496000	0
44500000	0
44504000	0
44508000	0
44512000	0
44516000	0
44520000	0
44524000	0
44528000	0
44532000	0
44536000	0
44540000	0
44544000	0
44548000	0
44552000	0
44556000	0
44560000	0
44564000	0
44568000	0
44572000	0
44576000	0
44580000	0
44584000	0
44588000	0
44592000	0
44596000	0
44600000	0
44604000	0
44608000	0
44612000	0
44616000	0
44620000	0
44624000	0
44628000	0
44632000	0
44636000	0
44640000	0
44644000	0
44648000	0
44652000	0
44656000	0
44660000	0
44664000	0
44668000	0
44672000	0
44676000	0
44680000	0
44684000	0
44688000	0
44692000	0
44696000	0
44700000	0
44704000	0
44708000	0
44712000	0
44716000	0
44720000	0
44724000	0
44728000	0
44732000	0
44736000	0
44740000	0
44744000	0
44748000	0
44752000	0
44756000	0
44760000	0
44764000	0
44768000	0
44772000	0
44776000	0
44780000	0
44784000	0
44788000	0
44792000	0
44796000	0
44800000	0
44804000	0
44808000	0
44812000	0
44816000	0
44820000	0
44824000	0
44828000	0
44832000	0
44836000	0
44840000	0
44844000	0
44848000	0
44852000	0
44856000	0
44860000	0
44864000	0
44868000	0
44872000	0
44876000	0
44880000	0
44884000	0
44888000	0
44892000	0
44896000	0
44900000	0
44904000	0
44908000	0
44912000	0
44916000	0
44920000	0
44924000	0
44928000	0
44932000	0
44936000	0
44940000	0
44944000	0
44948000	0
44952000	0
44956000	0
44960000	0
44964000	0
44968000	0
44972000	0
44976000	0
44980000	0
44984000	0
44988000	0
44992000	0
44996000	0
45000000	0
45004000	0
45008000	0
45012000	0
45016000	0
45020000	0
45024000	0
45028000	0
45032000	0
45036000	0
45040000	0
45044000	0
45048000	0
45052000	0
45056000	0
45060000	0
45064000	0
45068000	0
45072000	0
45076000	0
45080000	0
45084000	0
45088000	0
45092000	0
45096000	0
45100000	0
45104000	0
45108000	0
45112000	0
45116000	0
45120000	0
45124000	0
45128000	0
45132000	0
45136000	0
45140000	0
45144000	0
45148000	0
45152000	0
45156000	0
45160000	0
45164000	0
45168000	0
45172000	0
45176000	0
45180000	0
45184000	0
45188000	0
45192000	0
45196000	0
45200000	0
45204000	0
45208000	0
45212000	0
45216000	0
45220000	0
45224000	0
45228000	0
45232000	0
45236000	0
45240000	0
45244000	0
45248000	0
45252000	0
45256000	0
45260000	0
45264000	0
45268000	0
45272000	0
45276000	0
45280000	0
45284000	0
45288000	0
45292000	0
45296000	0
45300000	0
45304000	0
45308000	0
45312000	0
45316000	0
45320000	0
45324000	0
45328000	0
45332000	0
45336000	0
45340000	0
45344000	0
45348000	0
45352000	0
45356000	0
45360000	0
45364000	0
45368000	0
45372000	0
45376000	0
45380000	0
45384000	0
45388000	0
45392000	0
45396000	0
45400000	0
45404000	0
45408000	0
45412000	0
45416000	0
45420000	0
45424000	0
45428000	0
45432000	0
45436000	0
45440000	0
45444000	0
45448000	0
45452000	0
45456000	0
45460000	0
45464000	0
45468000	0
45472000	0
45476000	0
45480000	0
45484000	0
45488000	0
45492000	0
45496000	0
45500000	0
45504000	0
45508000	0
45512000	0
45516000	0
45520000	0
45524000	0
45528000	0
45532000	0
45536000	0
45540000	0
45544000	0
45548000	0
45552000	0
45556000	0
45560000	0
45564000	0
45568000	0
45572000	0
45576000	0
45580000	0
45584000	0
45588000	0
45592000	0
45596000	0
45600000	0
45604000	0
45608000	0
45612000	0
45616000	0
45620000	0
45624000	0
45628000	0
45632000	0
45636000	0
45640000	0
45644000	0
45648000	0
45652000	0
45656000	0
45660000	0
45664000	0
45668000	0
45672000	0
45676000	0
45680000	0
45684000	0
45688000	0
45692000	0
45696000	0
45700000	0
45704000	0
45708000	0
45712000	0
45716000	0
45720000	0
45724000	0
45728000	0
45732000	0
45736000	0
45740000	0
45744000	0
45748000	0
45752000	0
45756000	0
45760000	0
45764000	0
45768000	0
45772000	0
45776000	0
45780000	0
45784000	0
45788000	0
45792000	0
45796000	0
45800000	0
45804000	0
45808000	0
45812000	0
45816000	0
45820000	0
45824000	0
45828000	0
45832000	0
45836000	0
45840000	0
45844000	0
45848000	0
45852000	0
45856000	0
45860000	0
45864000	0
45868000	0
45872000	0
45876000	0
45880000	0
45884000	0
45888000	0
45892000	0
45896000	0
45900000	0
45904000	0
45908000	0
45912000	0
45916000	0
45920000	0
45924000	0
45928000	0
45932000	0
45936000	0
45940000	0
45944000	0
45948000	0
45952000	0
45956000	0
45960000	0
45964000	0
45968000	0
45972000	0
45976000	0
45980000	0
45984000	0
45988000	0
45992000	0
45996000	0
46000000	0
46004000	0
46008000	0
46012000	0
46016000	0
46020000	0
46024000	0
46028000	0
46032000	0
46036000	0
46040000	0
46044000	0
46048000	0
46052000	0
46056000	0
46060000	0
46064000	0
46068000	0
46072000	0
46076000	0
46080000	0
46084000	0
46088000	0
46092000	0
46096000	0
46100000	0
46104000	0
46108000	0
46112000	0
46116000	0
46120000	0
46124000	0
46128000	0
46132000	0
46136000	0
46140000	0
46144000	0
46148000	0
46152000	0
46156000	0
46160000	0
46164000	0
46168000	0
46172000	0
46176000	0
46180000	0
46184000	0
46188000	0
46192000	0
46196000	0
46200000	0
46204000	0
46208000	0
46212000	0
46216000	0
46220000	0
46224000	0
46228000	0
46232000	0
46236000	0
46240000	0
46244000	0
46248000	0
46252000	0
46256000	0
46260000	0
46264000	0
46268000	0
46272000	0
46276000	0
46280000	0
46284000	0
46288000	0
46292000	0
46296000	0
46300000	0
46304000	0
46308000	0
46312000	0
46316000	0
46320000	0
46324000	0
46328000	0
46332000	0
46336000	0
46340000	0
46344000	0
46348000	0
46352000	0
46356000	0
46360000	0
46364000	0
46368000	0
46372000	0
46376000	0
46380000	0
46384000	0
46388000	0
46392000	0
46396000	0
46400000	0
46404000	0
46408000	0
46412000	0
46416000	0
46420000	0
46424000	0
46428000	0
46432000	0
46436000	0
46440000	0
46444000	0
46448000	0
46452000	0
46456000	0
46460000	0
46464000	0
46468000	0
46472000	0
46476000	0
46480000	0
46484000	0
46488000	0
46492000	0
46496000	0
46500000	0
46504000	0
46508000	0
46512000	0
46516000	0
46520000	0
46524000	0
46528000	0
46532000	0
46536000	0
46540000	0
46544000	0
46548000	0
46552000	0
46556000	0
46560000	0
46564000	0
46568000	0
46572000	0
46576000	0
46580000	0
46584000	0
46588000	0
46592000	0
46596000	0
46600000	0
46604000	0
46608000	0
46612000	0
46616000	0
46620000	0
46624000	0
46628000	0
46632000	0
46636000	0
46640000	0
46644000	0
46648000	0
46652000	0
46656000	0
46660000	0
46664000	0
46668000	0
46672000	0
46676000	0
46680000	0
46684000	0
46688000	0
46692000	0
46696000	0
46700000	0
46704000	0
46708000	0
46712000	0
46716000	0
46720000	0
46724000	0
46728000	0
46732000	0
46736000	0
46740000	0
46744000	0
46748000	0
46752000	0
46756000	0
46760000	0
46764000	0
46768000	0
46772000	0
46776000	0
46780000	0
46784000	0
46788000	0
46792000	0
46796000	0
46800000	0
46804000	0
46808000	0
46812000	0
46816000	0
46820000	0
46824000	0
46828000	0
46832000	0
46836000	0
46840000	0
46844000	0
46848000	0
46852000	0
46856000	0
46860000	0
46864000	0
46868000	0
46872000	0
46876000	0
46880000	0
46884000	0
46888000	0
46892000	0
46896000	0
46900000	0
46904000	0
46908000	0
46912000	0
46916000	0
46920000	0
46924000	0
46928000	0
46932000	0
46936000	0
46940000	0
46944000	0
46948000	0
46952000	0
46956000	0
46960000	0
46964000	0
46968000	0
46972000	0
46976000	0
46980000	0
46984000	0
46988000	0
46992000	0
46996000	0
47000000	0
47004000	0
47008000	0
47012000	0
47016000	0
47020000	0
47024000	0
47028000	0
47032000	0
47036000	0
47040000	0
47044000	0
47048000	0
47052000	0
47056000	0
47060000	0
47064000	0
47068000	0
47072000	0
47076000	0
47080000	0
47084000	0
47088000	0
47092000	0
47096000	0
47100000	0
47104000	0
47108000	0
47112000	0
47116000	0
47120000	0
47124000	0
47128000	0
47132000	0
47136000	0
47140000	0
47144000	0
47148000	0
47152000	0
47156000	0
47160000	0
47164000	0
47168000	0
47172000	0
47176000	0
47180000	0
47184000	0
47188000	0
47192000	0
47196000	0
47200000	0
47204000	0
47208000	0
47212000	0
47216000	0
47220000	0
47224000	0
47228000	0
47232000	0
47236000	0
47240000	0
47244000	0
47248000	0
47252000	0
47256000	0
47260000	0
47264000	0
47268000	0
47272000	0
47276000	0
47280000	0
47284000	0
47288000	0
47292000	0
47296000	0
47300000	0
47304000	0
47308000	0
47312000	0
47316000	0
47320000	0
47324000	0
47328000	0
47332000	0
47336000	0
47340000	0
47344000	0
47348000	0
47352000	0
47356000	0
47360000	0
47364000	0
47368000	0
47372000	0
47376000	0
47380000	0
47384000	0
47388000	0
47392000	0
47396000	0
47400000	0
47404000	0
47408000	0
47412000	0
47416000	0
47420000	0
47424000	0
47428000	0
47432000	0
47436000	0
47440000	0
47444000	0
47448000	0
47452000	0
47456000	0
47460000	0
47464000	0
47468000	0
47472000	0
47476000	0
47480000	0
47484000	0
47488000	0
47492000	0
47496000	0
47500000	0
47504000	0
47508000	0
47512000	0
47516000	0
47520000	0
47524000	0
47528000	0
47532000	0
47536000	0
47540000	0
47544000	0
47548000	0
47552000	0
47556000	0
47560000	0
47564000	0
47568000	0
47572000	0
47576000	0
47580000	0
47584000	0
47588000	0
47592000	0
47596000	0
47600000	0
47604000	0
47608000	0
47612000	0
47616000	0
47620000	0
47624000	0
47628000	0
47632000	0
47636000	0
47640000	0
47644000	0
47648000	0
47652000	0
47656000	0
47660000	0
47664000	0
47668000	0
47672000	0
47676000	0
47680000	0
47684000	0
47688000	0
47692000	0
47696000	0
47700000	0
47704000	0
47708000	0
47712000	0
47716000	0
47720000	0
47724000	0
47728000	0
47732000	0
47736000	0
47740000	0
47744000	0
47748000	0
47752000	0
47756000	0
47760000	0
47764000	0
47768000	0
47772000	0
47776000	0
47780000	0
47784000	0
47788000	0
47792000	0
47796000	0
47800000	0
47804000	0
47808000	0
47812000	0
47816000	0
47820000	0
47824000	0
47828000	0
47832000	0
47836000	0
47840000	0
47844000	0
47848000	0
47852000	0
47856000	0
47860000	0
47864000	0
47868000	0
47872000	0
47876000	0
47880000	0
47884000	0
47888000	0
47892000	0
47896000	0
47900000	0
47904000	0
47908000	0
47912000	0
47916000	0
47920000	0
47924000	0
47928000	0
47932000	0
47936000	0
47940000	0
47944000	0
47948000	0
47952000	0
47956000	0
47960000	0
47964000	0
47968000	0
47972000	0
47976000	0
47980000	0
47984000	0
47988000	0
47992000	0
47996000	0
48000000	0
48004000	0
48008000	0
48012000	0
48016000	0
48020000	0
48024000	0
48028000	0
48032000	0
48036000	0
48040000	0
48044000	0
48048000	0
48052000	0
48056000	0
48060000	0
48064000	0
48068000	0
48072000	0
48076000	0
48080000	0
48084000	0
48088000	0
48092000	0
48096000	0
48100000	0
48104000	0
48108000	0
48112000	0
48116000	0
48120000	0
48124000	0
48128000	0
48132000	0
48136000	0
48140000	0
48144000	0
48148000	0
48152000	0
48156000	0
48160000	0
48164000	0
48168000	0
48172000	0
48176000	0
48180000	0
48184000	0
48188000	0
48192000	0
48196000	0
48200000	0
48204000	0
48208000	0
48212000	0
48216000	0
48220000	0
48224000	0
48228000	0
48232000	0
48236000	0
48240000	0
48244000	0
48248000	0
48252000	0
48256000	0
48260000	0
48264000	0
48268000	0
48272000	0
48276000	0
48280000	0
48284000	0
48288000	0
48292000	0
48296000	0
48300000	0
48304000	0
48308000	0
48312000	0
48316000	0
48320000	0
48324000	0
48328000	0
48332000	0
48336000	0
48340000	0
48344000	0
48348000	0
48352000	0
48356000	0
48360000	0
48364000	0
48368000	0
48372000	0
48376000	0
48380000	0
48384000	0
48388000	0
48392000	0
48396000	0
48400000	0
48404000	0
48408000	0
48412000	0
48416000	0
48420000	0
48424000	0
48428000	0
48432000	0
48436000	0
48440000	0
48444000	0
48448000	0
48452000	0
48456000	0
48460000	0
48464000	0
48468000	0
48472000	0
48476000	0
48480000	0
48484000	0
48488000	0
48492000	0
48496000	0
48500000	0
48504000	0
48508000	0
48512000	0
48516000	0
48520000	0
48524000	0
48528000	0
48532000	0
48536000	0
48540000	0
48544000	0
48548000	0
48552000	0
48556000	0
48560000	0
48564000	0
48568000	0
48572000	0
48576000	0
48580000	0
48584000	0
48588000	0
48592000	0
48596000	0
48600000	0
48604000	0
48608000	0
48612000	0
48616000	0
48620000	0
48624000	0
48628000	0
48632000	0
48636000	0
48640000	0
48644000	0
48648000	0
48652000	0
48656000	0
48660000	0
48664000	0
48668000	0
48672000	0
48676000	0
48680000	0
48684000	0
48688000	0
48692000	0
48696000	0
48700000	0
48704000	0
48708000	0
48712000	0
48716000	0
48720000	0
48724000	0
48728000	0
48732000	0
48736000	0
48740000	0
48744000	0
48748000	0
48752000	0
48756000	0
48760000	0
48764000	0
48768000	0
48772000	0
48776000	0
48780000	0
48784000	0
48788000	0
48792000	0
48796000	0
48800000	0
48804000	0
48808000	0
48812000	0
48816000	0
48820000	0
48824000	0
48828000	0
48832000	0
48836000	0
48840000	0
48844000	0
48848000	0
48852000	0
48856000	0
48860000	0
48864000	0
48868000	0
48872000	0
48876000	0
48880000	0
48884000	0
48888000	0
48892000	0
48896000	0
48900000	0
48904000	0
48908000	0
48912000	0
48916000	0
48920000	0
48924000	0
48928000	0
48932000	0
48936000	0
48940000	0
48944000	0
48948000	0
48952000	0
48956000	0
48960000	0
48964000	0
48968000	0
48972000	0
48976000	0
48980000	0
48984000	0
48988000	0
48992000	0
48996000	0
49000000	0
49004000	0
49008000	0
49012000	0
49016000	0
49020000	0
49024000	0
49028000	0
49032000	0
49036000	0
49040000	0
49044000	0
49048000	0
49052000	0
49056000	0
49060000	0
49064000	0
49068000	0
49072000	0
49076000	0
49080000	0
49084000	0
49088000	0
49092000	0
49096000	0
49100000	0
49104000	0
49108000	0
49112000	0
49116000	0
49120000	0
49124000	0
49128000	0
49132000	0
49136000	0
49140000	0
49144000	0
49148000	0
49152000	0
49156000	0
49160000	0
49164000	0
49168000	0
49172000	0
49176000	0
49180000	0
49184000	0
49188000	0
49192000	0
49196000	0
49200000	0
49204000	0
49208000	0
49212000	0
49216000	0
49220000	0
49224000	0
49228000	0
49232000	0
49236000	0
49240000	0
49244000	0
49248000	0
49252000	0
49256000	0
49260000	0
49264000	0
49268000	0
49272000	0
49276000	0
49280000	0
49284000	0
49288000	0
49292000	0
49296000	0
49300000	0
49304000	0
49308000	0
49312000	0
49316000	0
49320000	0
49324000	0
49328000	0
49332000	0
49336000	0
49340000	0
49344000	0
49348000	0
49352000	0
49356000	0
49360000	0
49364000	0
49368000	0
49372000	0
49376000	0
49380000	0
49384000	0
49388000	0
49392000	0
49396000	0
49400000	0
49404000	0
49408000	0
49412000	0
49416000	0
49420000	0
49424000	0
49428000	0
49432000	0
49436000	0
49440000	0
49444000	0
49448000	0
49452000	0
49456000	0
49460000	0
49464000	0
49468000	0
49472000	0
49476000	0
49480000	0
49484000	0
49488000	0
49492000	0
49496000	0
49500000	0
49504000	0
49508000	0
49512000	0
49516000	0
49520000	0
49524000	0
49528000	0
49532000	0
49536000	0
49540000	0
49544000	0
49548000	0
49552000	0
49556000	0
49560000	0
49564000	0
49568000	0
49572000	0
49576000	0
49580000	0
49584000	0
49588000	0
49592000	0
49596000	0
49600000	0
49604000	0
49608000	0
49612000	0
49616000	0
49620000	0
49624000	0
49628000	0
49632000	0
49636000	0
49640000	0
49644000	0
49648000	0
49652000	0
49656000	0
49660000	0
49664000	0
49668000	0
49672000	0
49676000	0
49680000	0
49684000	0
49688000	0
49692000	0
49696000	0
49700000	0
49704000	0
49708000	0
49712000	0
49716000	0
49720000	0
49724000	0
49728000	0
49732000	0
49736000	0
49740000	0
49744000	0
49748000	0
49752000	0
49756000	0
49760000	0
49764000	0
49768000	0
49772000	0
49776000	0
49780000	0
49784000	0
49788000	0
49792000	0
49796000	0
49800000	0
49804000	0
49808000	0
49812000	0
49816000	0
49820000	0
49824000	0
49828000	0
49832000	0
49836000	0
49840000	0
49844000	0
49848000	0
49852000	0
49856000	0
49860000	0
49864000	0
49868000	0
49872000	0
49876000	0
49880000	0
49884000	0
49888000	0
49892000	0
49896000	0
49900000	0
49904000	0
49908000	0
49912000	0
49916000	0
49920000	0
49924000	0
49928000	0
49932000	0
49936000	0
49940000	0
49944000	0
49948000	0
49952000	0
49956000	0
49960000	0
49964000	0
49968000	0
49972000	0
49976000	0
49980000	0
49984000	0
49988000	0
49992000	0
49996000	0
50000000	0
50004000	0
50008000	0
50012000	0
50016000	0
50020000	0
50024000	0
50028000	0
50032000	0
50036000	0
50040000	0
50044000	0
50048000	0
50052000	0
50056000	0
50060000	0
50064000	0
50068000	0
50072000	0
50076000	0
50080000	0
50084000	0
50088000	0
50092000	0
50096000	0
50100000	0
50104000	0
50108000	0
50112000	0
50116000	0
50120000	0
50124000	0
50128000	0
50132000	0
50136000	0
50140000	0
50144000	0
50148000	0
50152000	0
50156000	0
50160000	0
50164000	0
50168000	0
50172000	0
50176000	0
50180000	0
50184000	0
50188000	0
50192000	0
50196000	0
50200000	0
50204000	0
50208000	0
50212000	0
50216000	0
50220000	0
50224000	0
50228000	0
50232000	0
50236000	0
50240000	0
50244000	0
50248000	0
50252000	0
50256000	0
50260000	0
50264000	0
50268000	0
50272000	0
50276000	0
50280000	0
50284000	0
50288000	0
50292000	0
50296000	0
50300000	0
50304000	0
50308000	0
50312000	0
50316000	0
50320000	0
50324000	0
50328000	0
50332000	0
50336000	0
50340000	0
50344000	0
50348000	0
50352000	0
50356000	0
50360000	0
50364000	0
50368000	0
50372000	0
50376000	0
50380000	0
50384000	0
50388000	0
50392000	0
50396000	0
50400000	0
50404000	0
50408000	0
50412000	0
50416000	0
50420000	0
50424000	0
50428000	0
50432000	0
50436000	0
50440000	0
50444000	0
50448000	0
50452000	0
50456000	0
50460000	0
50464000	0
50468000	0
50472000	0
50476000	0
50480000	0
50484000	0
50488000	0
50492000	0
50496000	0
50500000	0
50504000	0
50508000	0
50512000	0
50516000	0
50520000	0
50524000	0
50528000	0
50532000	0
50536000	0
50540000	0
50544000	0
50548000	0
50552000	0
50556000	0
50560000	0
50564000	0
50568000	0
50572000	0
50576000	0
50580000	0
50584000	0
50588000	0
50592000	0
50596000	0
50600000	0
50604000	0
50608000	0
50612000	0
50616000	0
50620000	0
50624000	0
50628000	0
50632000	0
50636000	0
50640000	0
50644000	0
50648000	0
50652000	0
50656000	0
50660000	0
50664000	0
50668000	0
50672000	0
50676000	0
50680000	0
50684000	0
50688000	0
50692000	0
50696000	0
50700000	0
50704000	0
50708000	0
50712000	0
50716000	0
50720000	0
50724000	0
50728000	0
50732000	0
50736000	0
50740000	0
50744000	0
50748000	0
50752000	0
50756000	0
50760000	0
50764000	0
50768000	0
50772000	0
50776000	0
50780000	0
50784000	0
50788000	0
50792000	0
50796000	0
50800000	0
50804000	0
50808000	0
50812000	0
50816000	0
50820000	0
50824000	0
50828000	0
50832000	0
50836000	0
50840000	0
50844000	0
50848000	0
50852000	0
50856000	0
50860000	0
50864000	0
50868000	0
50872000	0
50876000	0
50880000	0
50884000	0
50888000	0
50892000	0
50896000	0
50900000	0
50904000	0
50908000	0
50912000	0
50916000	0
50920000	0
50924000	0
50928000	0
50932000	0
50936000	0
50940000	0
50944000	0
50948000	0
50952000	0
50956000	0
50960000	0
50964000	0
50968000	0
50972000	0
50976000	0
50980000	0
50984000	0
50988000	0
50992000	0
50996000	0
51000000	0
51004000	0
51008000	0
51012000	0
51016000	0
51020000	0
51024000	0
51028000	0
51032000	0
51036000	0
51040000	0
51044000	0
51048000	0
51052000	0
51056000	0
51060000	0
51064000	0
51068000	0
51072000	0
51076000	0
51080000	0
51084000	0
51088000	0
51092000	0
51096000	0
51100000	0
51104000	0
51108000	0
51112000	0
51116000	0
51120000	0
51124000	0
51128000	0
51132000	0
51136000	0
51140000	0
51144000	0
51148000	0
51152000	0
51156000	0
51160000	0
51164000	0
51168000	0
51172000	0
51176000	0
51180000	0
51184000	0
51188000	0
51192000	0
51196000	0
51200000	0
51204000	0
51208000	0
51212000	0
51216000	0
51220000	0
51224000	0
51228000	0
51232000	0
51236000	0
51240000	0
51244000	0
51248000	0
51252000	0
51256000	0
51260000	0
51264000	0
51268000	0
51272000	0
51276000	0
51280000	0
51284000	0
51288000	0
51292000	0
51296000	0
51300000	0
51304000	0
51308000	0
51312000	0
51316000	0
51320000	0
51324000	0
51328000	0
51332000	0
51336000	0
51340000	0
51344000	0
51348000	0
51352000	0
51356000	0
51360000	0
51364000	0
51368000	0
51372000	0
51376000	0
51380000	0
51384000	0
51388000	0
51392000	0
51396000	0
51400000	0
51404000	0
51408000	0
51412000	0
51416000	0
51420000	0
51424000	0
51428000	0
51432000	0
51436000	0
51440000	0
51444000	0
51448000	0
51452000	0
51456000	0
51460000	0
51464000	0
51468000	0
51472000	0
51476000	0
51480000	0
51484000	0
51488000	0
51492000	0
51496000	0
51500000	0
51504000	0
51508000	0
51512000	0
51516000	0
51520000	0
51524000	0
51528000	0
51532000	0
51536000	0
51540000	0
51544000	0
51548000	0
51552000	0
51556000	0
51560000	0
51564000	0
51568000	0
51572000	0
51576000	0
51580000	0
51584000	0
51588000	0
51592000	0
51596000	0
51600000	0
51604000	0
51608000	0
51612000	0
51616000	0
51620000	0
51624000	0
51628000	0
51632000	0
51636000	0
51640000	0
51644000	0
51648000	0
51652000	0
51656000	0
51660000	0
51664000	0
51668000	0
51672000	0
51676000	0
51680000	0
51684000	0
51688000	0
51692000	0
51696000	0
51700000	0
51704000	0
51708000	0
51712000	0
51716000	0
51720000	0
51724000	0
51728000	0
51732000	0
51736000	0
51740000	0
51744000	0
51748000	0
51752000	0
51756000	0
51760000	0
51764000	0
51768000	0
51772000	0
51776000	0
51780000	0
51784000	0
51788000	0
51792000	0
51796000	0
51800000	0
51804000	0
51808000	0
51812000	0
51816000	0
51820000	0
51824000	0
51828000	0
51832000	0
51836000	0
51840000	0
51844000	0
51848000	0
51852000	0
51856000	0
51860000	0
51864000	0
51868000	0
51872000	0
51876000	0
51880000	0
51884000	0
51888000	0
51892000	0
51896000	0
51900000	0
51904000	0
51908000	0
51912000	0
51916000	0
51920000	0
51924000	0
51928000	0
51932000	0
51936000	0
51940000	0
51944000	0
51948000	0
51952000	0
51956000	0
51960000	0
51964000	0
51968000	0
51972000	0
51976000	0
51980000	0
51984000	0
51988000	0
51992000	0
51996000	0
52000000	0
52004000	0
52008000	0
52012000	0
52016000	0
52020000	0
52024000	0
52028000	0
52032000	0
52036000	0
52040000	0
52044000	0
52048000	0
52052000	0
52056000	0
52060000	0
52064000	0
52068000	0
52072000	0
52076000	0
52080000	0
52084000	0
52088000	0
52092000	0
52096000	0
52100000	0
52104000	0
52108000	0
52112000	0
52116000	0
52120000	0
52124000	0
52128000	0
52132000	0
52136000	0
52140000	0
52144000	0
52148000	0
52152000	0
52156000	0
52160000	0
52164000	0
52168000	0
52172000	0
52176000	0
52180000	0
52184000	0
52188000	0
52192000	0
52196000	0
52200000	0
52204000	0
52208000	0
52212000	0
52216000	0
52220000	0
52224000	0
52228000	0
52232000	0
52236000	0
52240000	0
52244000	0
52248000	0
52252000	0
52256000	0
52260000	0
52264000	0
